{"name":"MiddleLighting1","class":"PointLight","__parent":"SimGroup_","position":[-516.599976,-333.000092,62.3999939],"radius":15,"rotationMatrix":[-1,0,0,0,-0.999999821,-1.00413963e-05,0,-1.02202102e-05,0.999999821]}
{"name":"MiddleLighting10","class":"PointLight","__parent":"SimGroup_","position":[-254.899963,-430.100128,62.3990135],"radius":20,"rotationMatrix":[-1,0,0,0,-0.999999821,-1.00413963e-05,0,-1.02202102e-05,0.999999821]}
{"name":"MiddleLighting11","class":"PointLight","__parent":"SimGroup_","position":[-225.59996,-440.700134,62.3989067],"radius":20,"rotationMatrix":[-1,0,0,0,-0.999999821,-1.00413963e-05,0,-1.02202102e-05,0.999999821]}
{"name":"MiddleLighting12","class":"PointLight","__parent":"SimGroup_","position":[-181.899963,-457.500122,62.3987389],"radius":20,"rotationMatrix":[-1,0,0,0,-0.999999821,-1.00413963e-05,0,-1.02202102e-05,0.999999821]}
{"name":"MiddleLighting13","class":"PointLight","__parent":"SimGroup_","position":[-143.59996,-472.100128,62.3985939],"radius":20,"rotationMatrix":[-1,0,0,0,-0.999999821,-1.00413963e-05,0,-1.02202102e-05,0.999999821]}
{"name":"MiddleLighting2","class":"PointLight","__parent":"SimGroup_","position":[-489.899994,-342.80011,62.3998947],"radius":20,"rotationMatrix":[-1,0,0,0,-0.999999821,-1.00413963e-05,0,-1.02202102e-05,0.999999821]}
{"name":"MiddleLighting3","class":"PointLight","__parent":"SimGroup_","position":[-463.299988,-353.500122,62.3997879],"radius":20,"rotationMatrix":[-1,0,0,0,-0.999999821,-1.00413963e-05,0,-1.02202102e-05,0.999999821]}
{"name":"MiddleLighting4","class":"PointLight","__parent":"SimGroup_","position":[-427.599976,-366.000122,62.399662],"radius":20,"rotationMatrix":[-1,0,0,0,-0.999999821,-1.00413963e-05,0,-1.02202102e-05,0.999999821]}
{"name":"MiddleLighting5","class":"PointLight","__parent":"SimGroup_","position":[-398.699982,-376.600128,62.3995552],"radius":20,"rotationMatrix":[-1,0,0,0,-0.999999821,-1.00413963e-05,0,-1.02202102e-05,0.999999821]}
{"name":"MiddleLighting6","class":"PointLight","__parent":"SimGroup_","position":[-371.599976,-386.500122,62.399456],"radius":20,"rotationMatrix":[-1,0,0,0,-0.999999821,-1.00413963e-05,0,-1.02202102e-05,0.999999821]}
{"name":"MiddleLighting7","class":"PointLight","__parent":"SimGroup_","position":[-342.899963,-397.000122,62.3993492],"radius":20,"rotationMatrix":[-1,0,0,0,-0.999999821,-1.00413963e-05,0,-1.02202102e-05,0.999999821]}
{"name":"MiddleLighting8","class":"PointLight","__parent":"SimGroup_","position":[-313.499969,-408.400116,62.3992348],"radius":20,"rotationMatrix":[-1,0,0,0,-0.999999821,-1.00413963e-05,0,-1.02202102e-05,0.999999821]}
{"name":"MiddleLighting9","class":"PointLight","__parent":"SimGroup_","position":[-283.299957,-418.500122,62.3991318],"radius":20,"rotationMatrix":[-1,0,0,0,-0.999999821,-1.00413963e-05,0,-1.02202102e-05,0.999999821]}
{"name":"SimGroup_","class":"SimGroup","groupPosition":"0 0 0"}
{"name":"LeftSideLighting1","class":"SpotLight","__parent":"SimGroup_","position":[-533.449036,-319.513214,59.9901962],"brightness":0.800000012,"innerAngle":45,"outerAngle":95,"range":40,"rotationMatrix":[0.940327406,-0.340270996,1.49011612e-08,-0.0973892957,-0.269131899,-0.95816648,0.326036334,0.900990248,-0.286210775]}
{"name":"LeftSideLighting10","class":"SpotLight","__parent":"SimGroup_","position":[-277.049286,-415.320251,59.9006119],"brightness":0.800000012,"innerAngle":45,"outerAngle":95,"range":40,"rotationMatrix":[0.940327406,-0.340270996,1.49011612e-08,-0.0973892957,-0.269131899,-0.95816648,0.326036334,0.900990248,-0.286210775]}
{"name":"LeftSideLighting11","class":"SpotLight","__parent":"SimGroup_","position":[-248.570877,-425.9617,59.8906593],"brightness":0.800000012,"innerAngle":45,"outerAngle":95,"range":40,"rotationMatrix":[0.940327406,-0.340270996,1.49011612e-08,-0.0973892957,-0.269131899,-0.95816648,0.326036334,0.900990248,-0.286210775]}
{"name":"LeftSideLighting12","class":"SpotLight","__parent":"SimGroup_","position":[-220.05986,-436.513062,59.8520851],"brightness":0.800000012,"innerAngle":45,"outerAngle":95,"range":40,"rotationMatrix":[0.940327406,-0.340270996,1.49011612e-08,-0.0973892957,-0.269131899,-0.95816648,0.326036334,0.900990248,-0.286210775]}
{"name":"LeftSideLighting13","class":"SpotLight","__parent":"SimGroup_","position":[-191.708099,-447.210571,59.8707542],"brightness":0.800000012,"innerAngle":45,"outerAngle":95,"range":40,"rotationMatrix":[0.940327406,-0.340270996,1.49011612e-08,-0.0973892957,-0.269131899,-0.95816648,0.326036334,0.900990248,-0.286210775]}
{"name":"LeftSideLighting14","class":"SpotLight","__parent":"SimGroup_","position":[-163.14502,-457.617981,59.9951935],"brightness":0.800000012,"innerAngle":45,"outerAngle":95,"range":40,"rotationMatrix":[0.940327406,-0.340270996,1.49011612e-08,-0.0973892957,-0.269131899,-0.95816648,0.326036334,0.900990248,-0.286210775]}
{"name":"LeftSideLighting15","class":"SpotLight","__parent":"SimGroup_","position":[-134.676361,-468.286346,59.8894234],"brightness":0.800000012,"innerAngle":45,"outerAngle":95,"range":40,"rotationMatrix":[0.940327406,-0.340270996,1.49011612e-08,-0.0973892957,-0.269131899,-0.95816648,0.326036334,0.900990248,-0.286210775]}
{"name":"LeftSideLighting16","class":"SpotLight","__parent":"SimGroup_","position":[-106.136536,-479.05191,59.9080887],"brightness":0.800000012,"innerAngle":45,"outerAngle":95,"range":40,"rotationMatrix":[0.940327406,-0.340270996,1.49011612e-08,-0.0973892957,-0.269131899,-0.95816648,0.326036334,0.900990248,-0.286210775]}
{"name":"LeftSideLighting17","class":"SpotLight","__parent":"SimGroup_","position":[-77.6907349,-489.783447,59.9267578],"brightness":0.800000012,"innerAngle":45,"outerAngle":95,"range":40,"rotationMatrix":[0.940327406,-0.340270996,1.49011612e-08,-0.0973892957,-0.269131899,-0.95816648,0.326036334,0.900990248,-0.286210775]}
{"name":"LeftSideLighting18","class":"SpotLight","__parent":"SimGroup_","position":[-49.3389664,-500.480957,59.9454231],"brightness":0.800000012,"innerAngle":45,"outerAngle":95,"range":40,"rotationMatrix":[0.940327406,-0.340270996,1.49011612e-08,-0.0973892957,-0.269131899,-0.95816648,0.326036334,0.900990248,-0.286210775]}
{"name":"LeftSideLighting19","class":"SpotLight","__parent":"SimGroup_","position":[-20.9355087,-511.329529,59.8968925],"brightness":0.800000012,"innerAngle":45,"outerAngle":95,"range":40,"rotationMatrix":[0.940327406,-0.340270996,1.49011612e-08,-0.0973892957,-0.269131899,-0.95816648,0.326036334,0.900990248,-0.286210775]}
{"name":"LeftSideLighting2","class":"SpotLight","__parent":"SimGroup_","position":[-504.82489,-330.339722,59.913044],"brightness":0.800000012,"innerAngle":45,"outerAngle":95,"range":40,"rotationMatrix":[0.940327406,-0.340270996,1.49011612e-08,-0.0973892957,-0.269131899,-0.95816648,0.326036334,0.900990248,-0.286210775]}
{"name":"LeftSideLighting20","class":"SpotLight","__parent":"SimGroup_","position":[7.46794891,-522.178101,59.848362],"brightness":0.800000012,"innerAngle":45,"outerAngle":95,"range":40,"rotationMatrix":[0.940327406,-0.340270996,1.49011612e-08,-0.0973892957,-0.269131899,-0.95816648,0.326036334,0.900990248,-0.286210775]}
{"name":"LeftSideLighting21","class":"SpotLight","__parent":"SimGroup_","position":[35.9751778,-533.033752,59.895649],"brightness":0.800000012,"innerAngle":45,"outerAngle":95,"range":40,"rotationMatrix":[0.940327406,-0.340270996,1.49011612e-08,-0.0973892957,-0.269131899,-0.95816648,0.326036334,0.900990248,-0.286210775]}
{"name":"LeftSideLighting22","class":"SpotLight","__parent":"SimGroup_","position":[64.2943497,-543.82135,59.9429359],"brightness":0.800000012,"innerAngle":45,"outerAngle":95,"range":40,"rotationMatrix":[0.940327406,-0.340270996,1.49011612e-08,-0.0973892957,-0.269131899,-0.95816648,0.326036334,0.900990248,-0.286210775]}
{"name":"LeftSideLighting23","class":"SpotLight","__parent":"SimGroup_","position":[92.8439178,-554.560059,60.0574188],"brightness":0.800000012,"innerAngle":45,"outerAngle":95,"range":40,"rotationMatrix":[0.940327406,-0.340270996,1.49011612e-08,-0.0973892957,-0.269131899,-0.95816648,0.326036334,0.900990248,-0.286210775]}
{"name":"LeftSideLighting24","class":"SpotLight","__parent":"SimGroup_","position":[121.393883,-565.003723,60.4021111],"brightness":0.800000012,"innerAngle":45,"outerAngle":95,"range":40,"rotationMatrix":[0.940327406,-0.340270996,1.49011612e-08,-0.0973892957,-0.269131899,-0.95816648,0.326036334,0.900990248,-0.286210775]}
{"name":"LeftSideLighting3","class":"SpotLight","__parent":"SimGroup_","position":[-476.407928,-340.857056,59.8744698],"brightness":0.800000012,"innerAngle":45,"outerAngle":95,"range":40,"rotationMatrix":[0.940327406,-0.340270996,1.49011612e-08,-0.0973892957,-0.269131899,-0.95816648,0.326036334,0.900990248,-0.286210775]}
{"name":"LeftSideLighting4","class":"SpotLight","__parent":"SimGroup_","position":[-447.802887,-351.442444,59.8358955],"brightness":0.800000012,"innerAngle":45,"outerAngle":95,"range":40,"rotationMatrix":[0.940327406,-0.340270996,1.49011612e-08,-0.0973892957,-0.269131899,-0.95816648,0.326036334,0.900990248,-0.286210775]}
{"name":"LeftSideLighting5","class":"SpotLight","__parent":"SimGroup_","position":[-419.502808,-361.988922,59.9217606],"brightness":0.800000012,"innerAngle":45,"outerAngle":95,"range":40,"rotationMatrix":[0.940327406,-0.340270996,1.49011612e-08,-0.0973892957,-0.269131899,-0.95816648,0.326036334,0.900990248,-0.286210775]}
{"name":"LeftSideLighting6","class":"SpotLight","__parent":"SimGroup_","position":[-390.836334,-372.698425,59.911808],"brightness":0.800000012,"innerAngle":45,"outerAngle":95,"range":40,"rotationMatrix":[0.940327406,-0.340270996,1.49011612e-08,-0.0973892957,-0.269131899,-0.95816648,0.326036334,0.900990248,-0.286210775]}
{"name":"LeftSideLighting7","class":"SpotLight","__parent":"SimGroup_","position":[-362.484558,-383.395935,59.9304771],"brightness":0.800000012,"innerAngle":45,"outerAngle":95,"range":40,"rotationMatrix":[0.940327406,-0.340270996,1.49011612e-08,-0.0973892957,-0.269131899,-0.95816648,0.326036334,0.900990248,-0.286210775]}
{"name":"LeftSideLighting8","class":"SpotLight","__parent":"SimGroup_","position":[-333.940948,-393.857178,59.8632812],"brightness":0.800000012,"innerAngle":45,"outerAngle":95,"range":40,"rotationMatrix":[0.940327406,-0.340270996,1.49011612e-08,-0.0973892957,-0.269131899,-0.95816648,0.326036334,0.900990248,-0.286210775]}
{"name":"LeftSideLighting9","class":"SpotLight","__parent":"SimGroup_","position":[-305.495117,-404.588715,59.8819466],"brightness":0.800000012,"innerAngle":45,"outerAngle":95,"range":40,"rotationMatrix":[0.940327406,-0.340270996,1.49011612e-08,-0.0973892957,-0.269131899,-0.95816648,0.326036334,0.900990248,-0.286210775]}
{"name":"LeftSideLineLighting1","class":"SpotLight","__parent":"SimGroup_","position":[-517.608215,-324.874908,53.5994148],"innerAngle":80,"outerAngle":130.000015,"range":5.99999475,"rotationMatrix":[-0.937606096,0.347698331,0,-0.315981984,-0.85207963,-0.417271048,-0.145084471,-0.391236037,0.908782065]}
{"name":"LeftSideLineLighting2","class":"SpotLight","__parent":"SimGroup_","position":[-510.951202,-327.343567,53.5994148],"innerAngle":80,"outerAngle":130.000015,"range":5.99999475,"rotationMatrix":[-0.937606454,0.34769839,7.4505806e-09,-0.315982044,-0.852079988,-0.417271137,-0.1450845,-0.391236126,0.908782065]}
{"name":"LeftSideLineLighting3","class":"SpotLight","__parent":"SimGroup_","position":[-504.200439,-329.846985,53.5994148],"innerAngle":80,"outerAngle":130.000015,"range":5.99999475,"rotationMatrix":[-0.937606454,0.34769839,7.4505806e-09,-0.315982044,-0.852079988,-0.417271137,-0.1450845,-0.391236126,0.908782065]}
{"name":"LeftSideLineLighting4","class":"SpotLight","__parent":"SimGroup_","position":[-524.265198,-322.40625,53.5994148],"innerAngle":80,"outerAngle":130.000015,"range":5.99999475,"rotationMatrix":[-0.937606454,0.34769839,7.4505806e-09,-0.315982044,-0.852079988,-0.417271137,-0.1450845,-0.391236126,0.908782065]}
{"name":"RightSideLighting1","class":"SpotLight","__parent":"SimGroup_","position":[-611.5,-304.800018,58.7000008],"brightness":0.800000012,"innerAngle":45,"outerAngle":95,"range":40,"rotationMatrix":[0.940327406,-0.340271056,0,0.0786765665,0.217420042,-0.97290206,0.331050426,0.91484642,0.231217384]}
{"name":"RightSideLighting10","class":"SpotLight","__parent":"SimGroup_","position":[-355.236542,-400.68988,59.9473495],"brightness":0.800000012,"innerAngle":45,"outerAngle":95,"range":40,"rotationMatrix":[0.940327406,-0.340271056,0,0.0786765665,0.217420042,-0.97290206,0.331050426,0.91484642,0.231217384]}
{"name":"RightSideLighting11","class":"SpotLight","__parent":"SimGroup_","position":[-326.851776,-411.296234,59.9752693],"brightness":0.800000012,"innerAngle":45,"outerAngle":95,"range":40,"rotationMatrix":[0.940327406,-0.340271056,0,0.0786765665,0.217420042,-0.97290206,0.331050426,0.91484642,0.231217384]}
{"name":"RightSideLighting12","class":"SpotLight","__parent":"SimGroup_","position":[-298.204895,-421.765991,59.9521484],"brightness":0.800000012,"innerAngle":45,"outerAngle":95,"range":40,"rotationMatrix":[0.940327406,-0.340271056,0,0.0786765665,0.217420042,-0.97290206,0.331050426,0.91484642,0.231217384]}
{"name":"RightSideLighting13","class":"SpotLight","__parent":"SimGroup_","position":[-269.853271,-432.463867,59.9569511],"brightness":0.800000012,"innerAngle":45,"outerAngle":95,"range":40,"rotationMatrix":[0.940327406,-0.340271056,0,0.0786765665,0.217420042,-0.97290206,0.331050426,0.91484642,0.231217384]}
{"name":"RightSideLighting14","class":"SpotLight","__parent":"SimGroup_","position":[-241.460648,-443.048553,59.8875847],"brightness":0.800000012,"innerAngle":45,"outerAngle":95,"range":40,"rotationMatrix":[0.940327406,-0.340271056,0,0.0786765665,0.217420042,-0.97290206,0.331050426,0.91484642,0.231217384]}
{"name":"RightSideLighting15","class":"SpotLight","__parent":"SimGroup_","position":[-213.042801,-453.563477,59.938633],"brightness":0.800000012,"innerAngle":45,"outerAngle":95,"range":40,"rotationMatrix":[0.940327406,-0.340271056,0,0.0786765665,0.217420042,-0.97290206,0.331050426,0.91484642,0.231217384]}
{"name":"RightSideLighting16","class":"SpotLight","__parent":"SimGroup_","position":[-184.368103,-464.250214,59.8692665],"brightness":0.800000012,"innerAngle":45,"outerAngle":95,"range":40,"rotationMatrix":[0.940327406,-0.340271056,0,0.0786765665,0.217420042,-0.97290206,0.331050426,0.91484642,0.231217384]}
{"name":"RightSideLighting17","class":"SpotLight","__parent":"SimGroup_","position":[-156.016464,-474.94809,59.8740692],"brightness":0.800000012,"innerAngle":45,"outerAngle":95,"range":40,"rotationMatrix":[0.940327406,-0.340271056,0,0.0786765665,0.217420042,-0.97290206,0.331050426,0.91484642,0.231217384]}
{"name":"RightSideLighting18","class":"SpotLight","__parent":"SimGroup_","position":[-127.349625,-485.656586,59.9019966],"brightness":0.800000012,"innerAngle":45,"outerAngle":95,"range":40,"rotationMatrix":[0.940327406,-0.340271056,0,0.0786765665,0.217420042,-0.97290206,0.331050426,0.91484642,0.231217384]}
{"name":"RightSideLighting19","class":"SpotLight","__parent":"SimGroup_","position":[-99.0258102,-496.137482,59.9530411],"brightness":0.800000012,"innerAngle":45,"outerAngle":95,"range":40,"rotationMatrix":[0.940327406,-0.340271056,0,0.0786765665,0.217420042,-0.97290206,0.331050426,0.91484642,0.231217384]}
{"name":"RightSideLighting2","class":"SpotLight","__parent":"SimGroup_","position":[-583.162415,-315.536865,59.3116646],"brightness":0.800000012,"innerAngle":45,"outerAngle":95,"range":40,"rotationMatrix":[0.940327406,-0.340271056,0,0.0786765665,0.217420042,-0.97290206,0.331050426,0.91484642,0.231217384]}
{"name":"RightSideLighting20","class":"SpotLight","__parent":"SimGroup_","position":[-70.3048553,-506.402527,59.8788719],"brightness":0.800000012,"innerAngle":45,"outerAngle":95,"range":40,"rotationMatrix":[0.940327406,-0.340271056,0,0.0786765665,0.217420042,-0.97290206,0.331050426,0.91484642,0.231217384]}
{"name":"RightSideLighting21","class":"SpotLight","__parent":"SimGroup_","position":[-41.973175,-516.861694,59.8326302],"brightness":0.800000012,"innerAngle":45,"outerAngle":95,"range":40,"rotationMatrix":[0.940327406,-0.340271056,0,0.0786765665,0.217420042,-0.97290206,0.331050426,0.91484642,0.231217384]}
{"name":"RightSideLighting22","class":"SpotLight","__parent":"SimGroup_","position":[-13.2401295,-527.387207,59.9067993],"brightness":0.800000012,"innerAngle":45,"outerAngle":95,"range":40,"rotationMatrix":[0.940327406,-0.340271056,0,0.0786765665,0.217420042,-0.97290206,0.331050426,0.91484642,0.231217384]}
{"name":"RightSideLighting23","class":"SpotLight","__parent":"SimGroup_","position":[15.2796144,-537.914429,59.8605537],"brightness":0.800000012,"innerAngle":45,"outerAngle":95,"range":40,"rotationMatrix":[0.940327406,-0.340271056,0,0.0786765665,0.217420042,-0.97290206,0.331050426,0.91484642,0.231217384]}
{"name":"RightSideLighting24","class":"SpotLight","__parent":"SimGroup_","position":[43.8114433,-548.702148,59.9626503],"brightness":0.800000012,"innerAngle":45,"outerAngle":95,"range":40,"rotationMatrix":[0.940327406,-0.340271056,0,0.0786765665,0.217420042,-0.97290206,0.331050426,0.91484642,0.231217384]}
{"name":"RightSideLighting25","class":"SpotLight","__parent":"SimGroup_","position":[72.3033676,-559.01239,59.9626503],"brightness":0.800000012,"innerAngle":45,"outerAngle":95,"range":40,"rotationMatrix":[0.940327406,-0.340271056,0,0.0786765665,0.217420042,-0.97290206,0.331050426,0.91484642,0.231217384]}
{"name":"RightSideLighting26","class":"SpotLight","__parent":"SimGroup_","position":[100.832619,-569.513367,60.2313995],"brightness":0.800000012,"innerAngle":45,"outerAngle":95,"range":40,"rotationMatrix":[0.940327406,-0.340271056,0,0.0786765665,0.217420042,-0.97290206,0.331050426,0.91484642,0.231217384]}
{"name":"RightSideLighting3","class":"SpotLight","__parent":"SimGroup_","position":[-554.621094,-326.29834,59.7287521],"brightness":0.800000012,"innerAngle":45,"outerAngle":95,"range":40,"rotationMatrix":[0.940327406,-0.340271056,0,0.0786765665,0.217420042,-0.97290206,0.331050426,0.91484642,0.231217384]}
{"name":"RightSideLighting4","class":"SpotLight","__parent":"SimGroup_","position":[-526.17804,-336.7435,59.9002075],"brightness":0.800000012,"innerAngle":45,"outerAngle":95,"range":40,"rotationMatrix":[0.940327406,-0.340271056,0,0.0786765665,0.217420042,-0.97290206,0.331050426,0.91484642,0.231217384]}
{"name":"RightSideLighting5","class":"SpotLight","__parent":"SimGroup_","position":[-497.683472,-347.340454,59.7335548],"brightness":0.800000012,"innerAngle":45,"outerAngle":95,"range":40,"rotationMatrix":[0.940327406,-0.340271056,0,0.0786765665,0.217420042,-0.97290206,0.331050426,0.91484642,0.231217384]}
{"name":"RightSideLighting6","class":"SpotLight","__parent":"SimGroup_","position":[-469.105377,-357.706421,59.8308449],"brightness":0.800000012,"innerAngle":45,"outerAngle":95,"range":40,"rotationMatrix":[0.940327406,-0.340271056,0,0.0786765665,0.217420042,-0.97290206,0.331050426,0.91484642,0.231217384]}
{"name":"RightSideLighting7","class":"SpotLight","__parent":"SimGroup_","position":[-440.647614,-368.698822,59.9839859],"brightness":0.800000012,"innerAngle":45,"outerAngle":95,"range":40,"rotationMatrix":[0.940327406,-0.340271056,0,0.0786765665,0.217420042,-0.97290206,0.331050426,0.91484642,0.231217384]}
{"name":"RightSideLighting8","class":"SpotLight","__parent":"SimGroup_","position":[-412.255005,-379.283478,59.9146194],"brightness":0.800000012,"innerAngle":45,"outerAngle":95,"range":40,"rotationMatrix":[0.940327406,-0.340271056,0,0.0786765665,0.217420042,-0.97290206,0.331050426,0.91484642,0.231217384]}
{"name":"RightSideLighting9","class":"SpotLight","__parent":"SimGroup_","position":[-383.68222,-389.957916,59.942543],"brightness":0.800000012,"innerAngle":45,"outerAngle":95,"range":40,"rotationMatrix":[0.940327406,-0.340271056,0,0.0786765665,0.217420042,-0.97290206,0.331050426,0.91484642,0.231217384]}
{"name":"RightSideLineLighting1","class":"SpotLight","__parent":"SimGroup_","position":[-509.206268,-343.634766,53.5994148],"innerAngle":80,"outerAngle":130.000015,"range":6,"rotationMatrix":[-0.937606335,0.347698331,-2.98023224e-08,0.300086141,0.80921495,-0.505093515,-0.175620168,-0.47357896,-0.863064408]}
{"name":"RightSideLineLighting2","class":"SpotLight","__parent":"SimGroup_","position":[-515.863281,-341.166107,53.5994148],"innerAngle":80,"outerAngle":130.000015,"range":6,"rotationMatrix":[-0.937606335,0.347698331,-2.98023224e-08,0.300086141,0.80921495,-0.505093515,-0.175620168,-0.47357896,-0.863064408]}
{"name":"RightSideLineLighting3","class":"SpotLight","__parent":"SimGroup_","position":[-522.614075,-338.662689,53.5994148],"innerAngle":80,"outerAngle":130.000015,"range":6,"rotationMatrix":[-0.937606335,0.347698331,-2.98023224e-08,0.300086141,0.80921495,-0.505093515,-0.175620168,-0.47357896,-0.863064408]}
{"name":"RightSideLineLighting4","class":"SpotLight","__parent":"SimGroup_","position":[-529.271057,-336.194031,53.5994148],"innerAngle":80,"outerAngle":130.000015,"range":6,"rotationMatrix":[-0.937606335,0.347698331,-2.98023224e-08,0.300086141,0.80921495,-0.505093515,-0.175620168,-0.47357896,-0.863064408]}
{"name":"TreeLighting","class":"SpotLight","__parent":"SimGroup_","position":[-507.778381,-336.332855,52.4741135],"brightness":1.50000012,"outerAngle":45.0000038,"range":11.0000038,"rotationMatrix":[-0.342019916,-0.939692676,5.96046448e-08,0.9254058,-0.336819887,0.173713446,-0.163237229,0.0594135113,0.984796226]}
{"name":"LeftSideLighting_Main_1","class":"TSStatic","__parent":"SimGroup_","position":[122.281647,-562.347778,52.5728531],"isRenderEnabled":false,"rotationMatrix":[-0.324412942,-0.945897043,-0.00589015102,0.945898473,-0.324438095,0.00396562088,-0.00566205988,-0.00428498629,0.999974787],"shapeName":"art/shapes/garage_and_dealership/Clutter/eca_lamppost.dae"}
{"name":"LeftSideLighting_Main_10","class":"TSStatic","__parent":"SimGroup_","position":[-133.693283,-465.761627,52.056675],"isRenderEnabled":false,"rotationMatrix":[-0.353231192,-0.935509145,0.00710669067,0.935528934,-0.353188396,0.00660991017,-0.00367363077,0.00898334011,0.999952912],"shapeName":"art/shapes/garage_and_dealership/Clutter/eca_lamppost.dae"}
{"name":"LeftSideLighting_Main_11","class":"TSStatic","__parent":"SimGroup_","position":[-162.173264,-455.12915,52.0561256],"isRenderEnabled":false,"rotationMatrix":[-0.339274287,-0.94063884,0.00956419483,0.940682709,-0.33922255,0.00664184149,-0.00300318305,0.0112502789,0.99993223],"shapeName":"art/shapes/garage_and_dealership/Clutter/eca_lamppost.dae"}
{"name":"LeftSideLighting_Main_12","class":"TSStatic","__parent":"SimGroup_","position":[-190.681473,-444.57251,52.0522194],"isRenderEnabled":false,"rotationMatrix":[-0.35360074,-0.935373187,-0.00660790224,0.93538487,-0.353622794,0.00248697912,-0.00466295704,-0.0053015342,0.999975085],"shapeName":"art/shapes/garage_and_dealership/Clutter/eca_lamppost.dae"}
{"name":"LeftSideLighting_Main_13","class":"TSStatic","__parent":"SimGroup_","position":[-219.175003,-433.97641,52.0524826],"isRenderEnabled":false,"rotationMatrix":[-0.357135057,-0.934030652,0.00642587291,0.93402791,-0.357167363,-0.00483619655,0.00681226747,0.00427476922,0.999967635],"shapeName":"art/shapes/garage_and_dealership/Clutter/eca_lamppost.dae"}
{"name":"LeftSideLighting_Main_14","class":"TSStatic","__parent":"SimGroup_","position":[-247.656616,-423.348236,52.0553627],"isRenderEnabled":false,"rotationMatrix":[-0.347149849,-0.937802672,0.00363619975,0.937764764,-0.347168565,-0.00843932014,0.00917679071,0.000480191782,0.9999578],"shapeName":"art/shapes/garage_and_dealership/Clutter/eca_lamppost.dae"}
{"name":"LeftSideLighting_Main_15","class":"TSStatic","__parent":"SimGroup_","position":[-276.131683,-412.702515,52.0555],"isRenderEnabled":false,"rotationMatrix":[-0.35391748,-0.935239017,-0.00838625804,0.935257733,-0.35383904,-0.00952854101,0.00594407739,-0.01121563,0.999919415],"shapeName":"art/shapes/garage_and_dealership/Clutter/eca_lamppost.dae"}
{"name":"LeftSideLighting_Main_16","class":"TSStatic","__parent":"SimGroup_","position":[-304.602783,-402.046295,52.0543404],"isRenderEnabled":false,"rotationMatrix":[-0.342947125,-0.939341962,-0.00488204416,0.939350784,-0.342956066,0.00110327045,-0.00271067512,-0.00420758873,0.999987483],"shapeName":"art/shapes/garage_and_dealership/Clutter/eca_lamppost.dae"}
{"name":"LeftSideLighting_Main_17","class":"TSStatic","__parent":"SimGroup_","position":[-333.081604,-391.410645,52.0525208],"isRenderEnabled":false,"rotationMatrix":[-0.349695921,-0.936834574,0.00732824625,0.936794996,-0.349754214,-0.00933643617,0.011309782,0.00360014988,0.999929547],"shapeName":"art/shapes/garage_and_dealership/Clutter/eca_lamppost.dae"}
{"name":"LeftSideLighting_Main_18","class":"TSStatic","__parent":"SimGroup_","position":[-361.564087,-380.784821,52.0532875],"isRenderEnabled":false,"rotationMatrix":[-0.355867624,-0.934528589,-0.003786396,0.934535146,-0.355870485,0.000103982282,-0.00144464127,-0.00350151677,0.999992847],"shapeName":"art/shapes/garage_and_dealership/Clutter/eca_lamppost.dae"}
{"name":"LeftSideLighting_Main_19","class":"TSStatic","__parent":"SimGroup_","position":[-390.044098,-370.152405,52.0560303],"isRenderEnabled":false,"rotationMatrix":[-0.357937694,-0.933717489,0.00724018319,0.933723569,-0.357971787,-0.00408419361,0.00640526274,0.00529844267,0.999965429],"shapeName":"art/shapes/garage_and_dealership/Clutter/eca_lamppost.dae"}
{"name":"LeftSideLighting_Main_2","class":"TSStatic","__parent":"SimGroup_","position":[93.73172,-551.92157,52.1842766],"isRenderEnabled":false,"rotationMatrix":[-0.353726625,-0.935335338,-0.00503746653,0.935329139,-0.35367918,-0.00839655288,0.00607194612,-0.00768177398,0.999952078],"shapeName":"art/shapes/garage_and_dealership/Clutter/eca_lamppost.dae"}
{"name":"LeftSideLighting_Main_20","class":"TSStatic","__parent":"SimGroup_","position":[-418.483765,-359.412598,52.0554352],"isRenderEnabled":false,"rotationMatrix":[-0.356416583,-0.934312046,-0.00532150175,0.934310853,-0.356438279,0.00389556261,-0.00553645752,-0.00358349364,0.999978244],"shapeName":"art/shapes/garage_and_dealership/Clutter/eca_lamppost.dae"}
{"name":"LeftSideLighting_Main_21","class":"TSStatic","__parent":"SimGroup_","position":[-446.967987,-348.791748,52.055481],"isRenderEnabled":false,"rotationMatrix":[-0.337251663,-0.941389441,-0.00686410582,0.941389561,-0.337180734,-0.00972888153,0.00684422208,-0.00974287931,0.99992913],"shapeName":"art/shapes/garage_and_dealership/Clutter/eca_lamppost.dae"}
{"name":"LeftSideLighting_Main_22","class":"TSStatic","__parent":"SimGroup_","position":[-475.485657,-338.260803,52.057106],"isRenderEnabled":false,"rotationMatrix":[-0.356968522,-0.934100986,-0.00536385179,0.934116364,-0.356963158,-0.00194972905,-9.34542622e-05,-0.0057064537,0.999983728],"shapeName":"art/shapes/garage_and_dealership/Clutter/eca_lamppost.dae"}
{"name":"LeftSideLighting_Main_23","class":"TSStatic","__parent":"SimGroup_","position":[-503.974243,-327.651276,52.0648689],"isRenderEnabled":false,"rotationMatrix":[-0.345478773,-0.938375831,-0.00974903535,0.93842566,-0.345473528,-0.00226173759,-0.00124567468,-0.00993012823,0.999949932],"shapeName":"art/shapes/garage_and_dealership/Clutter/eca_lamppost.dae"}
{"name":"LeftSideLighting_Main_24","class":"TSStatic","__parent":"SimGroup_","position":[-532.45697,-317.026215,52.0759621],"isRenderEnabled":false,"rotationMatrix":[-0.358171582,-0.93364507,0.00449040812,0.93363899,-0.358132005,0.00773684774,-0.00561531074,0.00696353801,0.999960005],"shapeName":"art/shapes/garage_and_dealership/Clutter/eca_lamppost.dae"}
{"name":"LeftSideLighting_Main_3","class":"TSStatic","__parent":"SimGroup_","position":[65.2613373,-541.264038,52.0680046],"isRenderEnabled":false,"rotationMatrix":[-0.350303769,-0.936630547,0.00322022568,0.936630309,-0.350287437,0.00471000746,-0.00328353187,0.00466609467,0.999983728],"shapeName":"art/shapes/garage_and_dealership/Clutter/eca_lamppost.dae"}
{"name":"LeftSideLighting_Main_4","class":"TSStatic","__parent":"SimGroup_","position":[36.8488998,-530.452637,52.0499992],"isRenderEnabled":false,"rotationMatrix":[-0.351046324,-0.936356962,-0.00144043146,0.936334074,-0.351025939,-0.0076981606,0.00670259679,-0.00405113678,0.999969304],"shapeName":"art/shapes/garage_and_dealership/Clutter/eca_lamppost.dae"}
{"name":"LeftSideLighting_Main_5","class":"TSStatic","__parent":"SimGroup_","position":[8.47116375,-519.550232,52.0499992],"isRenderEnabled":false,"rotationMatrix":[-0.350881219,-0.936372161,-0.00945629552,0.936392069,-0.35093081,0.00416914234,-0.0072223749,-0.00739192544,0.999946594],"shapeName":"art/shapes/garage_and_dealership/Clutter/eca_lamppost.dae"}
{"name":"LeftSideLighting_Main_6","class":"TSStatic","__parent":"SimGroup_","position":[-19.934515,-508.720764,52.0499992],"isRenderEnabled":false,"rotationMatrix":[-0.352664232,-0.935701609,-0.00950882398,0.935749531,-0.352637291,-0.00443327054,0.000795051921,-0.0104613341,0.999944985],"shapeName":"art/shapes/garage_and_dealership/Clutter/eca_lamppost.dae"}
{"name":"LeftSideLighting_Main_7","class":"TSStatic","__parent":"SimGroup_","position":[-48.3633728,-497.952332,52.0499992],"isRenderEnabled":false,"rotationMatrix":[-0.354497552,-0.935056746,0.000547343749,0.93505162,-0.354493499,0.00358091597,-0.00315432996,0.00178122078,0.999993443],"shapeName":"art/shapes/garage_and_dealership/Clutter/eca_lamppost.dae"}
{"name":"LeftSideLighting_Main_8","class":"TSStatic","__parent":"SimGroup_","position":[-76.8067474,-487.22226,52.0500259],"isRenderEnabled":false,"rotationMatrix":[-0.347397447,-0.93769908,-0.00594459474,0.937717199,-0.347398281,-0.000927334884,-0.0011955814,-0.00589650311,0.99998188],"shapeName":"art/shapes/garage_and_dealership/Clutter/eca_lamppost.dae"}
{"name":"LeftSideLighting_Main_9","class":"TSStatic","__parent":"SimGroup_","position":[-105.244164,-476.47641,52.0541687],"isRenderEnabled":false,"rotationMatrix":[-0.355000615,-0.934860647,-0.00318869948,0.934856355,-0.354979277,-0.00578268059,0.00427407818,-0.00503383111,0.999978185],"shapeName":"art/shapes/garage_and_dealership/Clutter/eca_lamppost.dae"}
{"name":"LeftSideLineLighting_Main_1","class":"TSStatic","__parent":"SimGroup_","position":[-524.190186,-322.259735,51.9977341],"isRenderEnabled":false,"rotationMatrix":[-0.347663879,-0.937600791,0.00589124765,0.937601507,-0.347689152,-0.00396640459,0.00576722622,0.00414466718,0.999974787],"shapeName":"/art/shapes/objects/s_standinglight_01.dae"}
{"name":"LeftSideLineLighting_Main_2","class":"TSStatic","__parent":"SimGroup_","position":[-517.535461,-324.740631,51.9747581],"isRenderEnabled":false,"rotationMatrix":[-0.352312446,-0.9358688,0.00503749307,0.935877383,-0.352287889,0.00516154245,-0.00305587822,0.00653295219,0.999974012],"shapeName":"/art/shapes/objects/s_standinglight_01.dae"}
{"name":"LeftSideLineLighting_Main_3","class":"TSStatic","__parent":"SimGroup_","position":[-510.899231,-327.242645,51.9852333],"isRenderEnabled":false,"rotationMatrix":[-0.351405501,-0.936217844,-0.00324254367,0.93622154,-0.351395726,-0.00322831166,0.00188298733,-0.00417018496,0.99998951],"shapeName":"/art/shapes/objects/s_standinglight_01.dae"}
{"name":"LeftSideLineLighting_Main_4","class":"TSStatic","__parent":"SimGroup_","position":[-504.263031,-329.744629,51.9957085],"isRenderEnabled":false,"rotationMatrix":[-0.3444556,-0.938800454,0.00195089518,0.938768983,-0.344425082,0.00916248932,-0.00792981219,0.00498751132,0.999956131],"shapeName":"/art/shapes/objects/s_standinglight_01.dae"}
{"name":"RightSideLighting_Main_1","class":"TSStatic","__parent":"SimGroup_","position":[-612.585205,-307.499451,51.0030403],"isRenderEnabled":false,"rotationMatrix":[0.351449847,0.936188161,-0.00589054869,-0.936188877,0.35147506,0.00396588817,0.00578319887,0.00412085559,0.999974787],"shapeName":"art/shapes/garage_and_dealership/Clutter/eca_lamppost.dae"}
{"name":"RightSideLighting_Main_10","class":"TSStatic","__parent":"SimGroup_","position":[-356.270294,-403.188019,52.0514679],"isRenderEnabled":false,"rotationMatrix":[0.351347327,0.936218262,0.0071066902,-0.936237931,0.351304531,0.0066099097,0.00369170541,-0.00897592679,0.999952912],"shapeName":"art/shapes/garage_and_dealership/Clutter/eca_lamppost.dae"}
{"name":"RightSideLighting_Main_11","class":"TSStatic","__parent":"SimGroup_","position":[-327.787476,-413.812958,52.051754],"isRenderEnabled":false,"rotationMatrix":[0.340770304,0.940097988,0.00956419483,-0.940141857,0.340718627,0.00664184149,0.00298528187,-0.0112550417,0.99993223],"shapeName":"art/shapes/garage_and_dealership/Clutter/eca_lamppost.dae"}
{"name":"RightSideLighting_Main_12","class":"TSStatic","__parent":"SimGroup_","position":[-299.298187,-424.420502,52.0520668],"isRenderEnabled":false,"rotationMatrix":[0.354535222,0.935019314,-0.00660790224,-0.935030997,0.354557276,0.00248697889,0.00466825347,0.005296872,0.999975085],"shapeName":"art/shapes/garage_and_dealership/Clutter/eca_lamppost.dae"}
{"name":"RightSideLighting_Main_13","class":"TSStatic","__parent":"SimGroup_","position":[-270.798737,-435.000732,52.0521584],"isRenderEnabled":false,"rotationMatrix":[0.355938554,0.934487283,0.00642587291,-0.934484541,0.3559708,-0.00483619655,-0.00680678757,-0.00428349013,0.999967635],"shapeName":"art/shapes/garage_and_dealership/Clutter/eca_lamppost.dae"}
{"name":"RightSideLighting_Main_14","class":"TSStatic","__parent":"SimGroup_","position":[-242.307159,-445.602173,52.0523911],"isRenderEnabled":false,"rotationMatrix":[0.346540749,0.938027859,0.00363619975,-0.937990069,0.346559465,-0.00843932107,-0.00917647686,-0.00048615085,0.9999578],"shapeName":"art/shapes/garage_and_dealership/Clutter/eca_lamppost.dae"}
{"name":"RightSideLighting_Main_15","class":"TSStatic","__parent":"SimGroup_","position":[-213.826202,-456.232056,52.0527611],"isRenderEnabled":false,"rotationMatrix":[0.35336858,0.93544662,-0.00838625804,-0.935465336,0.3532902,-0.00952854007,-0.00595065812,0.0112121403,0.999919415],"shapeName":"art/shapes/garage_and_dealership/Clutter/eca_lamppost.dae"}
{"name":"RightSideLighting_Main_16","class":"TSStatic","__parent":"SimGroup_","position":[-185.357849,-466.895721,52.052063],"isRenderEnabled":false,"rotationMatrix":[0.34419024,0.938887239,-0.00488204462,-0.93889606,0.344199181,0.00110327045,0.00271624234,0.00420399709,0.999987483],"shapeName":"art/shapes/garage_and_dealership/Clutter/eca_lamppost.dae"}
{"name":"RightSideLighting_Main_17","class":"TSStatic","__parent":"SimGroup_","position":[-156.891968,-477.565887,52.0508003],"isRenderEnabled":false,"rotationMatrix":[0.349966109,0.936733663,0.00732824486,-0.936694086,0.350024343,-0.00933643617,-0.0113108186,-0.00359688839,0.999929547],"shapeName":"art/shapes/garage_and_dealership/Clutter/eca_lamppost.dae"}
{"name":"RightSideLighting_Main_18","class":"TSStatic","__parent":"SimGroup_","position":[-128.403458,-488.175507,52.0516853],"isRenderEnabled":false,"rotationMatrix":[0.353877068,0.935284257,-0.00378639624,-0.935290813,0.353879988,0.000103982398,0.00143718265,0.00350458478,0.999992847],"shapeName":"art/shapes/garage_and_dealership/Clutter/eca_lamppost.dae"}
{"name":"RightSideLighting_Main_19","class":"TSStatic","__parent":"SimGroup_","position":[-99.8653336,-498.650909,52.0510445],"isRenderEnabled":false,"rotationMatrix":[0.349764228,0.936809719,0.00724018272,-0.936816156,0.349798203,-0.00408419315,-0.00635871477,-0.00535421539,0.999965429],"shapeName":"art/shapes/garage_and_dealership/Clutter/eca_lamppost.dae"}
{"name":"RightSideLighting_Main_2","class":"TSStatic","__parent":"SimGroup_","position":[-584.107727,-318.130066,51.4315529],"isRenderEnabled":false,"rotationMatrix":[0.352705956,0.935720623,-0.00503709167,-0.935714424,0.352658391,-0.00839592889,-0.00607987121,0.00767457346,0.999952078],"shapeName":"art/shapes/garage_and_dealership/Clutter/eca_lamppost.dae"}
{"name":"RightSideLighting_Main_20","class":"TSStatic","__parent":"SimGroup_","position":[-71.3099976,-509.079346,52.0499992],"isRenderEnabled":false,"rotationMatrix":[0.347036719,0.937836468,-0.00532150175,-0.937835395,0.347058475,0.00389556261,0.00550027285,0.00363878952,0.999978244],"shapeName":"art/shapes/garage_and_dealership/Clutter/eca_lamppost.dae"}
{"name":"RightSideLighting_Main_21","class":"TSStatic","__parent":"SimGroup_","position":[-42.7722054,-519.555725,52.050106],"isRenderEnabled":false,"rotationMatrix":[0.336613238,0.941617966,-0.00686410582,-0.941618085,0.336542368,-0.00972888153,-0.00685082702,0.00973823573,0.99992913],"shapeName":"art/shapes/garage_and_dealership/Clutter/eca_lamppost.dae"}
{"name":"RightSideLighting_Main_22","class":"TSStatic","__parent":"SimGroup_","position":[-14.2439289,-530.057983,52.0502892],"isRenderEnabled":false,"rotationMatrix":[0.354589522,0.935006678,-0.00536385179,-0.935022056,0.354584157,-0.00194972917,7.89272599e-05,0.00570667349,0.999983728],"shapeName":"art/shapes/garage_and_dealership/Clutter/eca_lamppost.dae"}
{"name":"RightSideLighting_Main_23","class":"TSStatic","__parent":"SimGroup_","position":[14.2654781,-540.611328,52.0504227],"isRenderEnabled":false,"rotationMatrix":[0.343985081,0.938924491,-0.00974903628,-0.938974321,0.343979836,-0.00226173759,0.00122987106,0.00993209891,0.999949932],"shapeName":"art/shapes/garage_and_dealership/Clutter/eca_lamppost.dae"}
{"name":"RightSideLighting_Main_24","class":"TSStatic","__parent":"SimGroup_","position":[42.7739639,-551.167175,52.0506248],"isRenderEnabled":false,"rotationMatrix":[0.354463756,0.935058951,0.00449040812,-0.935052752,0.354424238,0.0077368482,0.00564289931,-0.0069412007,0.999960005],"shapeName":"art/shapes/garage_and_dealership/Clutter/eca_lamppost.dae"}
{"name":"RightSideLighting_Main_25","class":"TSStatic","__parent":"SimGroup_","position":[71.3150864,-561.634033,52.122776],"isRenderEnabled":false,"rotationMatrix":[0.334997654,0.942217231,-0.00182492926,-0.942202926,0.335002601,0.00518151931,0.0054934728,-1.63430814e-05,0.99998492],"shapeName":"art/shapes/garage_and_dealership/Clutter/eca_lamppost.dae"}
{"name":"RightSideLighting_Main_26","class":"TSStatic","__parent":"SimGroup_","position":[99.8752213,-572.047546,52.3136673],"isRenderEnabled":false,"rotationMatrix":[0.350246191,0.936653674,0.00271917204,-0.936656058,0.3502388,0.00284210802,0.00170971151,-0.00354236667,0.999992251],"shapeName":"art/shapes/garage_and_dealership/Clutter/eca_lamppost.dae"}
{"name":"RightSideLighting_Main_3","class":"TSStatic","__parent":"SimGroup_","position":[-555.628601,-328.758759,51.7890053],"isRenderEnabled":false,"rotationMatrix":[0.348225534,0.937405288,0.00322006992,-0.93740505,0.348209262,0.00470977975,0.00329371379,-0.00465857564,0.999983728],"shapeName":"art/shapes/garage_and_dealership/Clutter/eca_lamppost.dae"}
{"name":"RightSideLighting_Main_4","class":"TSStatic","__parent":"SimGroup_","position":[-527.146484,-339.38327,51.999485],"isRenderEnabled":false,"rotationMatrix":[0.340970218,0.940073013,-0.00144042959,-0.940049887,0.340950072,-0.00769815128,-0.00674570957,0.00397891644,0.999969304],"shapeName":"art/shapes/garage_and_dealership/Clutter/eca_lamppost.dae"}
{"name":"RightSideLighting_Main_5","class":"TSStatic","__parent":"SimGroup_","position":[-498.6586,-349.994507,52.0311317],"isRenderEnabled":false,"rotationMatrix":[0.342779398,0.939368308,-0.00945629179,-0.939388573,0.342828751,0.00416914141,0.00715824775,0.00745403813,0.999946594],"shapeName":"art/shapes/garage_and_dealership/Clutter/eca_lamppost.dae"}
{"name":"RightSideLighting_Main_6","class":"TSStatic","__parent":"SimGroup_","position":[-470.168671,-360.600403,52.0486984],"isRenderEnabled":false,"rotationMatrix":[0.346235931,0.938099265,-0.00950882398,-0.938147068,0.346208632,-0.00443327054,-0.000866810326,0.0104556335,0.999944985],"shapeName":"art/shapes/garage_and_dealership/Clutter/eca_lamppost.dae"}
