{"name":"PointLight_65","class":"PointLight","__parent":"SimGroup_","position":[-561.028198,-294.660919,64.220726],"brightness":1.5,"rotationMatrix":[0.707106531,-0.707106769,0,-6.18172393e-08,-6.1817218e-08,-0.999999821,0.707106769,0.707106531,-8.74227624e-08]}
{"name":"PointLight_651","class":"PointLight","__parent":"SimGroup_","position":[-507.207977,-313.431183,64.2207184],"brightness":1.5,"rotationMatrix":[0.707106531,-0.707106769,0,-6.18172393e-08,-6.1817218e-08,-0.999999821,0.707106769,0.707106531,-8.74227624e-08]}
{"name":"PointLight_6511","class":"PointLight","__parent":"SimGroup_","position":[-460.015991,-328.566803,64.2207184],"brightness":1.5,"rotationMatrix":[0.707106531,-0.707106769,0,-6.18172393e-08,-6.1817218e-08,-0.999999821,0.707106769,0.707106531,-8.74227624e-08]}
{"name":"PointLight_65111","class":"PointLight","__parent":"SimGroup_","position":[-414.948334,-345.696198,64.2207184],"brightness":1.5,"rotationMatrix":[0.707106531,-0.707106769,0,-6.18172393e-08,-6.1817218e-08,-0.999999821,0.707106769,0.707106531,-8.74227624e-08]}
{"name":"PointLight_651111","class":"PointLight","__parent":"SimGroup_","position":[-368.420197,-362.079712,64.2207184],"brightness":1.5,"rotationMatrix":[0.707106531,-0.707106769,0,-6.18172393e-08,-6.1817218e-08,-0.999999821,0.707106769,0.707106531,-8.74227624e-08]}
{"name":"PointLight_652","class":"PointLight","__parent":"SimGroup_","position":[-545.11377,-293.925323,64.2207336],"brightness":1.5,"rotationMatrix":[0.707106531,-0.707106769,0,-6.18172393e-08,-6.1817218e-08,-0.999999821,0.707106769,0.707106531,-8.74227624e-08]}
{"name":"PointLight_66","class":"PointLight","__parent":"SimGroup_","position":[-531.889465,-295.889984,53.3909035],"brightness":1.20000005,"radius":10,"rotationMatrix":[-0.707106709,0.70710665,0,-0.695019722,-0.695019662,-0.184105694,-0.130182356,-0.130182415,0.982906222]}
{"name":"PointLight_67","class":"PointLight","__parent":"SimGroup_","position":[-518.075317,-303.114563,62.9879951],"brightness":5,"color":[1,0.936477482,0.677892566,1],"rotationMatrix":[-1,0,0,0,-0.999999821,-1.00413963e-05,0,-1.02202102e-05,0.999999821]}
{"name":"PointLight_68","class":"PointLight","__parent":"SimGroup_","position":[-519.917725,-309.437958,65.1440353],"radius":5.49999952,"rotationMatrix":[-0.936777353,0.349925697,0,1.36362686e-07,3.65053154e-07,-0.999999821,-0.349925697,-0.936777294,-3.89690342e-07]}
{"name":"SimGroup_","class":"SimGroup","groupPosition":"-485.80313517253 -320.02610778809 61.235336558024"}
{"name":"SpotLight_65","class":"SpotLight","__parent":"SimGroup_","position":[-562.512817,-294.79248,64.2351074],"innerAngle":60,"outerAngle":90.0000076,"range":50,"rotationMatrix":[0.362372398,0.786566079,0.499999881,-0.353553474,0.612372398,-0.707106709,-0.862372279,0.0794591904,0.500000119]}
{"name":"SpotLight_651","class":"SpotLight","__parent":"SimGroup_","position":[-561.034973,-295.714447,64.2351074],"innerAngle":60,"outerAngle":90.0000076,"range":50,"rotationMatrix":[0.711691141,-0.493453026,0.499999881,0.664462924,0.241844893,-0.707106769,0.228001609,0.835473001,0.500000119]}
{"name":"SpotLight_6511","class":"SpotLight","__parent":"SimGroup_","position":[-507.214813,-314.484711,64.2351074],"innerAngle":60,"outerAngle":90.0000076,"range":50,"rotationMatrix":[0.497760952,-0.493452966,0.713258743,0.866235554,0.241845012,-0.437203288,0.0432413518,0.835472941,0.547827601]}
{"name":"SpotLight_65111","class":"SpotLight","__parent":"SimGroup_","position":[-460.022827,-329.620331,64.2351074],"innerAngle":60,"outerAngle":90.0000076,"range":50,"rotationMatrix":[0.497760952,-0.493452966,0.713258743,0.866235554,0.241845012,-0.437203288,0.0432413518,0.835472941,0.547827601]}
{"name":"SpotLight_651111","class":"SpotLight","__parent":"SimGroup_","position":[-414.95517,-346.749725,64.2351074],"innerAngle":60,"outerAngle":90.0000076,"range":50,"rotationMatrix":[0.497760952,-0.493452966,0.713258743,0.866235554,0.241845012,-0.437203288,0.0432413518,0.835472941,0.547827601]}
{"name":"SpotLight_6511111","class":"SpotLight","__parent":"SimGroup_","position":[-368.427032,-363.13324,64.2351074],"innerAngle":60,"outerAngle":90.0000076,"range":50,"rotationMatrix":[0.497760952,-0.493452966,0.713258743,0.866235554,0.241845012,-0.437203288,0.0432413518,0.835472941,0.547827601]}
{"name":"SpotLight_6512","class":"SpotLight","__parent":"SimGroup_","position":[-545.120544,-294.978851,64.2351074],"innerAngle":60,"outerAngle":90.0000076,"range":50,"rotationMatrix":[0.389044583,-0.529374957,0.75392729,0.918693542,0.16239357,-0.360042214,0.0681644678,0.83270061,0.54951179]}
{"name":"SpotLight_652","class":"SpotLight","__parent":"SimGroup_","position":[-508.692535,-313.562744,64.2351074],"innerAngle":60,"outerAngle":90.0000076,"range":50,"rotationMatrix":[0.443332672,0.667498291,0.598249197,-0.427441567,0.744081497,-0.513455391,-0.787876725,-0.0280851275,0.615192175]}
{"name":"SpotLight_6521","class":"SpotLight","__parent":"SimGroup_","position":[-461.500458,-328.698364,64.2351074],"innerAngle":60,"outerAngle":90.0000076,"range":50,"rotationMatrix":[0.362372398,0.786566079,0.499999881,-0.353553474,0.612372398,-0.707106709,-0.862372279,0.0794591904,0.500000119]}
{"name":"SpotLight_65211","class":"SpotLight","__parent":"SimGroup_","position":[-416.4328,-345.827759,64.2351074],"innerAngle":60,"outerAngle":90.0000076,"range":50,"rotationMatrix":[0.362372398,0.786566079,0.499999881,-0.353553474,0.612372398,-0.707106709,-0.862372279,0.0794591904,0.500000119]}
{"name":"SpotLight_652111","class":"SpotLight","__parent":"SimGroup_","position":[-369.904663,-362.211273,64.2351074],"innerAngle":60,"outerAngle":90.0000076,"range":50,"rotationMatrix":[0.362372398,0.786566079,0.499999881,-0.353553474,0.612372398,-0.707106709,-0.862372279,0.0794591904,0.500000119]}
{"name":"SpotLight_653","class":"SpotLight","__parent":"SimGroup_","position":[-546.598389,-294.056885,64.2351074],"innerAngle":60,"outerAngle":90.0000076,"range":50,"rotationMatrix":[0.564604819,0.253179014,0.785571039,0.120730743,0.916218817,-0.382056534,-0.816483676,0.310553551,0.486735046]}
{"class":"TSStatic","__parent":"SimGroup_","position":[-546.80658,-295.329926,52],"isRenderEnabled":false,"rotationMatrix":[-0.707106709,-0.707106471,0,0.707106471,-0.707106709,0,0,0,1],"shapeName":"/levels/hirochi_raceway/art/shapes/objects/floodlight_portable.dae","useInstanceRenderData":true}
{"class":"TSStatic","__parent":"SimGroup_","position":[-516.439331,-308.861176,62.4638519],"isRenderEnabled":false,"rotationMatrix":[0,-3.27825546e-07,0.999999881,-0.939692378,0.342020512,-5.96046448e-08,-0.342020363,-0.939692438,-2.38418579e-07],"shapeName":"/art/shapes/objects/s_spotlight_01.dae","useInstanceRenderData":true}
{"class":"TSStatic","__parent":"SimGroup_","position":[-519.410889,-307.779633,62.4638519],"isRenderEnabled":false,"rotationMatrix":[0,-3.27825546e-07,0.999999881,-0.939692378,0.342020512,-5.96046448e-08,-0.342020363,-0.939692438,-2.38418579e-07],"shapeName":"/art/shapes/objects/s_spotlight_01.dae","useInstanceRenderData":true}
{"class":"TSStatic","__parent":"SimGroup_","position":[-522.318787,-306.721222,62.4638519],"isRenderEnabled":false,"rotationMatrix":[0,-3.27825546e-07,0.999999881,-0.939692378,0.342020512,-5.96046448e-08,-0.342020363,-0.939692438,-2.38418579e-07],"shapeName":"/art/shapes/objects/s_spotlight_01.dae","useInstanceRenderData":true}
{"class":"TSStatic","__parent":"SimGroup_","position":[-370.112915,-363.484314,51.9999962],"isRenderEnabled":false,"rotationMatrix":[-0.707106709,-0.707106471,0,0.707106471,-0.707106709,0,0,0,1],"shapeName":"/levels/hirochi_raceway/art/shapes/objects/floodlight_portable.dae","useInstanceRenderData":true}
{"class":"TSStatic","__parent":"SimGroup_","position":[-416.641052,-347.1008,51.9999962],"isRenderEnabled":false,"rotationMatrix":[-0.707106709,-0.707106471,0,0.707106471,-0.707106709,0,0,0,1],"shapeName":"/levels/hirochi_raceway/art/shapes/objects/floodlight_portable.dae","useInstanceRenderData":true}
{"class":"TSStatic","__parent":"SimGroup_","position":[-461.70871,-329.971405,51.9999962],"isRenderEnabled":false,"rotationMatrix":[-0.707106709,-0.707106471,0,0.707106471,-0.707106709,0,0,0,1],"shapeName":"/levels/hirochi_raceway/art/shapes/objects/floodlight_portable.dae","useInstanceRenderData":true}
{"class":"TSStatic","__parent":"SimGroup_","position":[-508.900787,-314.835785,51.9999962],"isRenderEnabled":false,"rotationMatrix":[-0.707106709,-0.707106471,0,0.707106471,-0.707106709,0,0,0,1],"shapeName":"/levels/hirochi_raceway/art/shapes/objects/floodlight_portable.dae","useInstanceRenderData":true}
{"class":"TSStatic","__parent":"SimGroup_","position":[-562.721008,-296.065521,52],"isRenderEnabled":false,"rotationMatrix":[-0.707106709,-0.707106471,0,0.707106471,-0.707106709,0,0,0,1],"shapeName":"/levels/hirochi_raceway/art/shapes/objects/floodlight_portable.dae","useInstanceRenderData":true}
