{"name":"PointLight_69","class":"PointLight","__parent":"SimGroup_","position":[-523.996033,-240.628937,63.8661156],"radius":30,"rotationMatrix":[-1,0,0,0,-0.999999821,-1.00413963e-05,0,-1.02202102e-05,0.999999821]}
{"name":"PointLight_691","class":"PointLight","__parent":"SimGroup_","position":[-492.463165,-252.105972,63.8661156],"radius":30,"rotationMatrix":[-1,0,0,0,-0.999999821,-1.00413963e-05,0,-1.02202102e-05,0.999999821]}
{"name":"PointLight_6911","class":"PointLight","__parent":"SimGroup_","position":[-455.922058,-266.08136,63.8661118],"radius":30,"rotationMatrix":[-1,0,0,0,-0.999999821,-1.00413963e-05,0,-1.02202102e-05,0.999999821]}
{"name":"PointLight_69111","class":"PointLight","__parent":"SimGroup_","position":[-416.831116,-280.604156,63.8661156],"radius":30,"rotationMatrix":[-1,0,0,0,-0.999999821,-1.00413963e-05,0,-1.02202102e-05,0.999999821]}
{"name":"PointLight_691111","class":"PointLight","__parent":"SimGroup_","position":[-423.52771,-299.002838,63.8661156],"radius":30,"rotationMatrix":[-1,0,0,0,-0.999999821,-1.00413963e-05,0,-1.02202102e-05,0.999999821]}
{"name":"PointLight_6911111","class":"PointLight","__parent":"SimGroup_","position":[-462.64389,-284.765717,63.8661156],"radius":30,"rotationMatrix":[-1,0,0,0,-0.999999821,-1.00413963e-05,0,-1.02202102e-05,0.999999821]}
{"name":"PointLight_69111111","class":"PointLight","__parent":"SimGroup_","position":[-499.175354,-270.901337,63.8661156],"radius":30,"rotationMatrix":[-1,0,0,0,-0.999999821,-1.00413963e-05,0,-1.02202102e-05,0.999999821]}
{"name":"PointLight_691111111","class":"PointLight","__parent":"SimGroup_","position":[-530.929077,-259.211792,63.8661156],"radius":30,"rotationMatrix":[-1,0,0,0,-0.999999821,-1.00413963e-05,0,-1.02202102e-05,0.999999821]}
{"name":"PointLight_6911112","class":"PointLight","__parent":"SimGroup_","position":[-389.832489,-311.880737,63.8661156],"radius":30,"rotationMatrix":[-1,0,0,0,-0.999999821,-1.00413963e-05,0,-1.02202102e-05,0.999999821]}
{"name":"PointLight_69111121","class":"PointLight","__parent":"SimGroup_","position":[-358.097382,-323.746918,63.8661156],"radius":30,"rotationMatrix":[-1,0,0,0,-0.999999821,-1.00413963e-05,0,-1.02202102e-05,0.999999821]}
{"name":"SimGroup_","class":"SimGroup","groupPosition":"-458.11153178312 -299.00459569814 58.289921896798"}
{"name":"SpotLight_66","class":"SpotLight","__parent":"SimGroup_","position":[-414.421356,-320.054871,58.2824707],"innerAngle":90,"outerAngle":120.000023,"range":7.09999371,"rotationMatrix":[0.349926531,0.936777234,5.68434189e-14,0.936777234,-0.349926829,7.15531883e-07,6.70293957e-07,-2.50383636e-07,-1.00000024]}
{"name":"SpotLight_661","class":"SpotLight","__parent":"SimGroup_","position":[-416.132629,-324.636078,58.2824707],"innerAngle":90,"outerAngle":120.000023,"range":7.09999371,"rotationMatrix":[0.349926531,0.936777234,5.68434189e-14,0.936777234,-0.349926829,7.15531883e-07,6.70293957e-07,-2.50383636e-07,-1.00000024]}
{"name":"SpotLight_6611","class":"SpotLight","__parent":"SimGroup_","position":[-404.82901,-324.064972,58.2824707],"innerAngle":100,"outerAngle":120.000023,"range":7.09999371,"rotationMatrix":[-0.349926829,-0.936776757,-3.97903932e-13,-0.936776757,0.349927247,-7.15531655e-07,6.70293673e-07,-2.5038355e-07,-0.999999523]}
{"name":"SpotLight_662","class":"SpotLight","__parent":"SimGroup_","position":[-406.667236,-328.598785,58.2824707],"innerAngle":100,"outerAngle":120.000023,"range":7.09999371,"rotationMatrix":[-0.349926829,-0.936776757,-3.97903932e-13,-0.936776757,0.349927247,-7.15531655e-07,6.70293673e-07,-2.5038355e-07,-0.999999523]}
{"name":"SpotLight_67","class":"SpotLight","__parent":"SimGroup_","position":[-537.268921,-269.450592,64.2375793],"innerAngle":60,"outerAngle":90.0000076,"range":50,"rotationMatrix":[-0.21574831,-0.63076669,-0.745376766,0.797089159,0.327151,-0.507564247,0.564005435,-0.70363766,0.43219471]}
{"name":"SpotLight_671","class":"SpotLight","__parent":"SimGroup_","position":[-562.968323,-260.043762,64.2375793],"innerAngle":60,"outerAngle":90.0000076,"range":50,"rotationMatrix":[0.159952581,0.647170126,-0.745376348,-0.765542567,-0.395376801,-0.507564545,-0.623185158,0.651803613,0.432194769]}
{"name":"SpotLight_6711","class":"SpotLight","__parent":"SimGroup_","position":[-611.408997,-304.239594,64.2375793],"innerAngle":60,"outerAngle":90.0000076,"range":50,"rotationMatrix":[0.143385291,-0.823817611,-0.548420429,0.540054202,0.529498696,-0.654196143,0.829326272,-0.202374727,0.520828545]}
{"name":"SpotLight_6712","class":"SpotLight","__parent":"SimGroup_","position":[-553.035706,-296.509155,64.2375793],"innerAngle":60,"outerAngle":90.0000076,"range":50,"rotationMatrix":[0.159952581,0.647170126,-0.745376348,-0.765542567,-0.395376801,-0.507564545,-0.623185158,0.651803613,0.432194769]}
{"name":"SpotLight_672","class":"SpotLight","__parent":"SimGroup_","position":[-611.625366,-305.326355,64.2375793],"innerAngle":60,"outerAngle":90.0000076,"range":50,"rotationMatrix":[-0.583447099,-0.491105318,-0.646841705,0.759942532,-0.0491765738,-0.648126841,0.28648895,-0.869710684,0.401904345]}
{"name":"SpotLight_673","class":"SpotLight","__parent":"SimGroup_","position":[-552.114258,-295.893677,64.2375793],"innerAngle":60,"outerAngle":90.0000076,"range":50,"rotationMatrix":[0.658648014,-0.102939144,-0.745376647,-0.460594118,0.728169978,-0.507564366,0.595009148,0.677622378,0.432194591]}
{"class":"TSStatic","__parent":"SimGroup_","position":[-358.135529,-323.743134,52.0000038],"isRenderEnabled":false,"rotationMatrix":[0.342020273,0.939692438,0,-0.939692438,0.342020273,0,0,0,1],"shapeName":"/art/shapes/objects/pole_light_double.dae","useInstanceRenderData":true}
{"class":"TSStatic","__parent":"SimGroup_","position":[-389.870636,-311.876953,52.0000038],"isRenderEnabled":false,"rotationMatrix":[0.342020273,0.939692438,0,-0.939692438,0.342020273,0,0,0,1],"shapeName":"/art/shapes/objects/pole_light_double.dae","useInstanceRenderData":true}
{"class":"TSStatic","__parent":"SimGroup_","position":[-530.967224,-259.208008,52.0000038],"isRenderEnabled":false,"rotationMatrix":[0.342020273,0.939692438,0,-0.939692438,0.342020273,0,0,0,1],"shapeName":"/art/shapes/objects/pole_light_double.dae","useInstanceRenderData":true}
{"class":"TSStatic","__parent":"SimGroup_","position":[-499.213501,-270.897552,52.0000038],"isRenderEnabled":false,"rotationMatrix":[0.342020273,0.939692438,0,-0.939692438,0.342020273,0,0,0,1],"shapeName":"/art/shapes/objects/pole_light_double.dae","useInstanceRenderData":true}
{"class":"TSStatic","__parent":"SimGroup_","position":[-462.682037,-284.761932,52.0000038],"isRenderEnabled":false,"rotationMatrix":[0.342020273,0.939692438,0,-0.939692438,0.342020273,0,0,0,1],"shapeName":"/art/shapes/objects/pole_light_double.dae","useInstanceRenderData":true}
{"class":"TSStatic","__parent":"SimGroup_","position":[-423.565857,-298.999054,52.0000038],"isRenderEnabled":false,"rotationMatrix":[0.342020273,0.939692438,0,-0.939692438,0.342020273,0,0,0,1],"shapeName":"/art/shapes/objects/pole_light_double.dae","useInstanceRenderData":true}
{"class":"TSStatic","__parent":"SimGroup_","position":[-416.869263,-280.600372,52.0000038],"isRenderEnabled":false,"rotationMatrix":[0.342020273,0.939692438,0,-0.939692438,0.342020273,0,0,0,1],"shapeName":"/art/shapes/objects/pole_light_double.dae","useInstanceRenderData":true}
{"class":"TSStatic","__parent":"SimGroup_","position":[-455.960205,-266.077576,52],"isRenderEnabled":false,"rotationMatrix":[0.342020273,0.939692438,0,-0.939692438,0.342020273,0,0,0,1],"shapeName":"/art/shapes/objects/pole_light_double.dae","useInstanceRenderData":true}
{"class":"TSStatic","__parent":"SimGroup_","position":[-492.501312,-252.102173,52.0000038],"isRenderEnabled":false,"rotationMatrix":[0.342020273,0.939692438,0,-0.939692438,0.342020273,0,0,0,1],"shapeName":"/art/shapes/objects/pole_light_double.dae","useInstanceRenderData":true}
{"class":"TSStatic","__parent":"SimGroup_","position":[-524.03418,-240.625137,52.0000038],"isRenderEnabled":false,"rotationMatrix":[0.342020273,0.939692438,0,-0.939692438,0.342020273,0,0,0,1],"shapeName":"/art/shapes/objects/pole_light_double.dae","useInstanceRenderData":true}
{"class":"TSStatic","__parent":"SimGroup_","position":[-551.768555,-297.130707,52.0000038],"isRenderEnabled":false,"rotationMatrix":[0.642787695,-0.766044319,0,0.766044319,0.642787695,0,0,0,1],"shapeName":"/levels/hirochi_raceway/art/shapes/objects/floodlight_portable.dae","useInstanceRenderData":true}
{"class":"TSStatic","__parent":"SimGroup_","position":[-612.744507,-304.696106,52],"isRenderEnabled":false,"rotationMatrix":[-0.996194482,0.0871555358,0,-0.0871555358,-0.996194482,0,0,0,1],"shapeName":"/levels/hirochi_raceway/art/shapes/objects/floodlight_portable.dae","useInstanceRenderData":true}
{"class":"TSStatic","__parent":"SimGroup_","position":[-538.536133,-269.241119,52],"isRenderEnabled":false,"rotationMatrix":[-0.965925455,-0.258818746,0,0.258818746,-0.965925455,0,0,0,1],"shapeName":"/levels/hirochi_raceway/art/shapes/objects/floodlight_portable.dae","useInstanceRenderData":true}
{"class":"TSStatic","__parent":"SimGroup_","position":[-408.039246,-317.762939,57.6868515],"isRenderEnabled":false,"rotationMatrix":[-1.1920929e-07,7.4505806e-08,0.99999994,-0.258819342,-0.965925574,0,0.965925634,-0.258819312,3.57627869e-07],"shapeName":"/art/shapes/objects/s_spotlight_01.dae","useInstanceRenderData":true}
{"class":"TSStatic","__parent":"SimGroup_","position":[-408.727386,-319.618591,57.6868515],"isRenderEnabled":false,"rotationMatrix":[-1.1920929e-07,7.4505806e-08,0.99999994,-0.258819342,-0.965925574,0,0.965925634,-0.258819312,3.57627869e-07],"shapeName":"/art/shapes/objects/s_spotlight_01.dae","useInstanceRenderData":true}
{"class":"TSStatic","__parent":"SimGroup_","position":[-409.654083,-322.097778,57.6868515],"isRenderEnabled":false,"rotationMatrix":[-1.1920929e-07,7.4505806e-08,0.99999994,-0.258819342,-0.965925574,0,0.965925634,-0.258819312,3.57627869e-07],"shapeName":"/art/shapes/objects/s_spotlight_01.dae","useInstanceRenderData":true}
{"class":"TSStatic","__parent":"SimGroup_","position":[-410.711304,-324.977173,57.6868515],"isRenderEnabled":false,"rotationMatrix":[-2.38418579e-07,2.98023224e-08,0.999999881,-0.422618479,-0.906307459,-1.1920929e-07,0.906307578,-0.422618479,4.76837158e-07],"shapeName":"/art/shapes/objects/s_spotlight_01.dae","useInstanceRenderData":true}
{"class":"TSStatic","__parent":"SimGroup_","position":[-411.726318,-327.68927,57.6868515],"isRenderEnabled":false,"rotationMatrix":[-2.38418579e-07,2.98023224e-08,0.999999881,-0.422618479,-0.906307459,-1.1920929e-07,0.906307578,-0.422618479,4.76837158e-07],"shapeName":"/art/shapes/objects/s_spotlight_01.dae","useInstanceRenderData":true}
{"class":"TSStatic","__parent":"SimGroup_","position":[-412.663879,-330.205261,57.6868515],"isRenderEnabled":false,"rotationMatrix":[-1.1920929e-07,7.4505806e-08,0.99999994,-0.258819342,-0.965925574,0,0.965925634,-0.258819312,3.57627869e-07],"shapeName":"/art/shapes/objects/s_spotlight_01.dae","useInstanceRenderData":true}
{"class":"TSStatic","__parent":"SimGroup_","position":[-411.49408,-325.750946,57.6868515],"isRenderEnabled":false,"rotationMatrix":[-1.1920929e-07,7.4505806e-08,0.999999881,0.258818984,0.965925813,-1.49011612e-08,-0.965925694,0.258818984,-1.1920929e-07],"shapeName":"/art/shapes/objects/s_spotlight_01.dae","useInstanceRenderData":true}
{"class":"TSStatic","__parent":"SimGroup_","position":[-410.436859,-322.871552,57.6868515],"isRenderEnabled":false,"rotationMatrix":[0,4.47034836e-08,1,0.42261821,0.906307817,-4.47034836e-08,-0.906307817,0.42261821,0],"shapeName":"/art/shapes/objects/s_spotlight_01.dae","useInstanceRenderData":true}
{"class":"TSStatic","__parent":"SimGroup_","position":[-409.421844,-320.159454,57.6868515],"isRenderEnabled":false,"rotationMatrix":[0,4.47034836e-08,1,0.42261821,0.906307817,-4.47034836e-08,-0.906307817,0.42261821,0],"shapeName":"/art/shapes/objects/s_spotlight_01.dae","useInstanceRenderData":true}
{"class":"TSStatic","__parent":"SimGroup_","position":[-408.484283,-317.643463,57.6868515],"isRenderEnabled":false,"rotationMatrix":[-1.1920929e-07,7.4505806e-08,0.999999881,0.258818984,0.965925813,-1.49011612e-08,-0.965925694,0.258818984,-1.1920929e-07],"shapeName":"/art/shapes/objects/s_spotlight_01.dae","useInstanceRenderData":true}
{"class":"TSStatic","__parent":"SimGroup_","position":[-409.421844,-320.159454,57.6868515],"isRenderEnabled":false,"rotationMatrix":[0,4.47034836e-08,1,0.42261821,0.906307817,-4.47034836e-08,-0.906307817,0.42261821,0],"shapeName":"/art/shapes/objects/s_spotlight_01.dae","useInstanceRenderData":true}
{"class":"TSStatic","__parent":"SimGroup_","position":[-410.436859,-322.871552,57.6868515],"isRenderEnabled":false,"rotationMatrix":[0,4.47034836e-08,1,0.42261821,0.906307817,-4.47034836e-08,-0.906307817,0.42261821,0],"shapeName":"/art/shapes/objects/s_spotlight_01.dae","useInstanceRenderData":true}
{"class":"TSStatic","__parent":"SimGroup_","position":[-411.49408,-325.750946,57.6868515],"isRenderEnabled":false,"rotationMatrix":[-1.1920929e-07,7.4505806e-08,0.999999881,0.258818984,0.965925813,-1.49011612e-08,-0.965925694,0.258818984,-1.1920929e-07],"shapeName":"/art/shapes/objects/s_spotlight_01.dae","useInstanceRenderData":true}
{"class":"TSStatic","__parent":"SimGroup_","position":[-412.420776,-328.230133,57.6868515],"isRenderEnabled":false,"rotationMatrix":[-1.1920929e-07,7.4505806e-08,0.999999881,0.258818984,0.965925813,-1.49011612e-08,-0.965925694,0.258818984,-1.1920929e-07],"shapeName":"/art/shapes/objects/s_spotlight_01.dae","useInstanceRenderData":true}
{"class":"TSStatic","__parent":"SimGroup_","position":[-413.108917,-330.085785,57.6868515],"isRenderEnabled":false,"rotationMatrix":[-1.1920929e-07,7.4505806e-08,0.999999881,0.258818984,0.965925813,-1.49011612e-08,-0.965925694,0.258818984,-1.1920929e-07],"shapeName":"/art/shapes/objects/s_spotlight_01.dae","useInstanceRenderData":true}
{"class":"TSStatic","__parent":"SimGroup_","position":[-408.484283,-317.643463,57.6868515],"isRenderEnabled":false,"rotationMatrix":[-1.1920929e-07,7.4505806e-08,0.999999881,0.258818984,0.965925813,-1.49011612e-08,-0.965925694,0.258818984,-1.1920929e-07],"shapeName":"/art/shapes/objects/s_spotlight_01.dae","useInstanceRenderData":true}
